Generated matrix: 
Col count: 10
Row count: 10
98 57 9 40 20 0 47 87 40 34 
68 89 29 19 14 45 43 64 20 55 
22 94 60 30 99 20 38 92 72 55 
89 5 95 83 88 82 99 54 13 93 
71 65 84 45 3 97 44 99 0 74 
36 44 96 46 76 47 52 15 89 35 
44 86 59 6 53 85 94 9 93 58 
5 29 35 82 76 75 69 72 28 16 
96 90 33 36 11 50 99 35 56 30 
14 82 5 58 9 40 19 56 55 35 

Generated matrix: 
Col count: 10
Row count: 10
17 82 81 23 24 52 75 61 34 17 
77 72 18 48 34 91 79 52 50 32 
96 28 29 94 48 9 27 75 30 6 
26 97 65 99 51 31 83 51 54 52 
28 8 17 7 66 24 44 54 59 13 
91 36 39 70 1 11 37 53 10 79 
57 9 15 38 32 13 81 57 83 92 
4 31 33 72 84 85 85 70 35 61 
89 48 36 17 26 99 59 8 48 0 
61 17 65 20 24 71 21 35 97 33 

Date: Sun Oct 07 23:41:56 EEST 2018
=============== SECVENTIAL ===============
Elapsed time: 0
17180 22050 19391 19346 18750 26464 30572 23016 21956 16637 
23616 20637 18231 21373 16580 25200 28030 24077 22038 18578 
31041 22259 19400 26113 26824 33111 34583 29773 30074 19092 
35791 26795 29923 35521 27263 25292 38759 38927 36372 29652 
31775 25458 24853 34195 22036 27138 33717 33637 26056 26362 
33897 21370 19361 25609 20455 23754 29142 26576 26250 16543 
39618 22093 20254 24562 18275 28350 32746 28016 30074 22681 
24452 19209 16948 27299 21427 19330 30233 26456 23475 23668 
30121 25830 21436 24605 17844 27345 35451 27682 26887 22908 
20769 19472 14626 19722 14538 23626 24632 17725 18361 15504 

=============== PARALLEL ===============
Number of elements in matrix: 100
Rounded number of elements per thread: 12
Modulo (remained elements): 4
Thread number: 0. Amount of data: 13
Thread number: 1. Amount of data: 13
Thread number: 2. Amount of data: 13
Thread number: 3. Amount of data: 13
Thread number: 4. Amount of data: 12
Thread number: 5. Amount of data: 12
Thread number: 6. Amount of data: 12
Thread number: 7. Amount of data: 12
Elapsed time: 51
17180 22050 19391 19346 18750 26464 30572 23016 21956 16637 
23616 20637 18231 21373 16580 25200 28030 24077 22038 18578 
31041 22259 19400 26113 26824 33111 34583 29773 30074 19092 
35791 26795 29923 35521 27263 25292 38759 38927 36372 29652 
31775 25458 24853 34195 22036 27138 33717 33637 26056 26362 
33897 21370 19361 25609 20455 23754 29142 26576 26250 16543 
39618 22093 20254 24562 18275 28350 32746 28016 30074 22681 
24452 19209 16948 27299 21427 19330 30233 26456 23475 23668 
30121 25830 21436 24605 17844 27345 35451 27682 26887 22908 
20769 19472 14626 19722 14538 23626 24632 17725 18361 15504 

